Elapsed	LV66-A_dCas9	LV66-B_dCas9	LV66-C_dCas9	LV66-D_dCas9	LV66-E_dCas9	LV66-F_dCas9	LV66-A_Cas9	LV66-B_Cas9	LV66-C_Cas9	LV66-D_Cas9	LV66-E_Cas9	LV66-F_Cas9	LV66-A_dCas9 (Std Err Well)	LV66-B_dCas9 (Std Err Well)	LV66-C_dCas9 (Std Err Well)	LV66-D_dCas9 (Std Err Well)	LV66-E_dCas9 (Std Err Well)	LV66-F_dCas9 (Std Err Well)	LV66-A_Cas9 (Std Err Well)	LV66-B_Cas9 (Std Err Well)	LV66-C_Cas9 (Std Err Well)	LV66-D_Cas9 (Std Err Well)	LV66-E_Cas9 (Std Err Well)	LV66-F_Cas9 (Std Err Well)
0	11.63638	18.03417	17.16932	12.76042	11.69334	15.2414	6.105357	5.262998	4.539086	6.60401	3.981082	5.940084	1.271364	7.411693	2.123811	1.355292	0.8984461	1.656958	1.892271	0.9128468	0.9918895	1.856644	1.015887	1.185147
2	14.12442	20.52662	19.85407	15.29778	14.14102	18.24416	7.716329	6.828243	5.98264	8.309608	5.02267	7.601463	1.338345	8.046592	2.332971	1.322045	0.9796143	1.783951	2.231889	0.9593551	1.17007	2.116217	1.234193	1.382856
4	15.65296	22.46744	21.97695	17.03677	15.62684	20.17471	9.555732	8.342584	7.287689	10.00304	6.364631	9.227887	1.458317	8.398131	2.383355	1.401152	1.196477	1.926489	2.438534	1.088645	1.372969	2.302346	1.405802	1.623957
6	17.26777	24.15216	23.55985	18.64482	17.22232	22.00613	11.24898	9.810827	8.77897	11.67614	7.725262	10.86503	1.549149	8.758686	2.431297	1.563107	1.249826	2.110299	2.785169	1.228559	1.52697	2.639177	1.44836	1.848797
8	18.56467	25.58805	25.14615	20.1049	18.54362	23.27673	12.95785	11.25528	10.03962	13.30341	9.091961	12.29588	1.498927	8.654634	2.486638	1.494097	1.513774	2.268814	2.775167	1.186869	1.657243	2.783312	1.661669	2.175529
10	20.03451	26.8231	26.14528	21.50335	19.48527	24.64576	14.71803	12.69098	11.32798	14.95859	10.48133	13.84879	1.422014	8.749562	2.781581	1.555703	1.536035	2.338119	2.944284	1.1843	1.695982	3.006515	1.672403	2.311538
12	21.4811	28.48672	28.06586	23.0929	21.09979	26.37102	16.63832	14.20018	12.82878	16.65744	11.96089	15.56327	1.41031	8.632153	2.61268	1.343658	1.495539	2.368472	3.195997	1.305912	1.818047	3.048896	1.78711	2.584316
14	23.0452	30.13919	29.91544	24.52651	22.41228	27.96596	18.03514	15.41557	13.83739	17.88148	13.22357	16.66994	1.504373	8.721164	2.663647	1.378535	1.83176	2.505572	3.112396	1.358343	1.832482	3.070678	1.925059	2.679034
16	25.17867	32.47389	32.22565	26.73969	24.79582	30.05285	19.92153	16.90277	15.42411	19.56892	14.86215	18.37563	1.591057	8.90512	2.796296	1.424082	1.773439	2.524238	3.137412	1.398853	2.019051	3.24104	2.079425	2.754492
18	27.15161	34.33557	34.03715	28.39782	26.6074	32.05519	21.76648	18.14941	16.845	20.91647	16.3406	19.83917	1.624311	9.307959	2.734567	1.689822	1.95803	2.544789	3.539475	1.384628	2.026021	3.351609	2.232131	2.862526
20	28.47545	34.95933	35.53817	30.08268	28.19232	33.69358	23.28921	19.42791	18.02622	22.31842	17.89213	21.1157	1.490888	10.38426	2.856339	1.505543	2.009431	2.615559	3.347486	1.521072	2.2381	3.39238	2.358625	2.997259
22	29.83231	36.81913	37.02647	31.36284	29.46412	34.73508	25.48532	20.97324	19.82577	23.96044	19.5052	21.89528	1.372393	9.101435	2.30018	0.8667316	1.857825	3.208857	3.473599	1.697096	1.835653	3.262041	2.293558	2.823687
24	30.33259	37.80154	37.54338	31.53184	29.77379	35.2536	25.049	21.52465	19.89259	24.16231	19.28209	22.09305	1.676305	9.669989	2.651209	1.326262	2.303869	3.360545	3.498481	1.834172	2.264083	3.677444	2.379578	3.349321
26	30.95275	38.51321	38.32935	32.20189	30.40667	35.52673	25.75008	21.96394	20.4126	24.82069	19.77339	22.75985	1.902359	9.901581	2.717113	1.388629	2.465061	2.49435	3.50594	1.972807	2.264756	3.670782	2.398926	3.300612
28	31.10606	39.01714	38.59858	32.51623	30.76721	35.96502	26.37393	22.76957	20.9775	25.49671	20.14637	23.22766	1.407905	9.993086	2.761503	1.433964	2.645779	2.503185	3.547594	1.996286	2.384478	3.855047	2.394253	3.347713
30	31.15927	39.2663	38.50247	32.32734	30.94678	37.09906	26.42571	22.91296	21.01402	25.70597	20.38076	23.45428	1.41396	10.39461	2.577051	1.877998	2.699831	3.325089	3.677495	1.9955	2.555417	3.890579	2.416403	3.479044
32	32.13606	40.12216	39.62502	33.363	31.71253	37.24656	26.90304	23.45886	21.68659	26.3618	21.01053	24.03266	1.748746	10.55766	2.810765	1.436088	2.617838	2.663071	3.622975	1.972686	2.485946	4.104205	2.477727	3.566424
34	32.91963	41.15149	40.63382	34.36618	32.53006	38.32027	27.22607	23.95443	21.84313	26.74084	21.63834	24.38341	1.696007	10.81917	2.662113	1.57819	2.810537	2.775417	3.706291	2.044705	2.52999	4.138695	2.625536	3.628899
36	33.33997	42.08904	41.60003	35.16596	33.64078	38.60531	27.51955	24.37151	22.33717	27.18229	22.53977	25.21317	1.785058	10.94532	3.192765	1.844761	2.842432	3.457521	3.805364	1.966221	2.506009	4.19544	2.697577	3.632559
38	34.6114	43.45374	43.03981	36.53338	35.10494	40.7772	27.66462	24.8971	22.77916	27.55704	23.85164	26.30576	2.191076	10.96679	3.154387	1.743479	2.88431	2.744493	3.697906	1.960725	2.49005	4.324941	2.775191	3.667844
40	36.36314	45.01665	44.90165	38.19827	36.86644	43.14852	28.56192	25.81426	23.7388	28.57946	25.3314	27.8739	1.823286	10.87332	3.043249	1.838245	2.84677	3.708673	3.783944	2.034867	2.537395	4.244496	2.997278	3.876258
42	37.29365	46.64584	46.31807	39.77477	38.50269	44.80626	28.7703	26.58364	24.50174	29.24961	27.01812	29.42243	1.583048	11.13364	2.801579	1.784947	3.215117	3.754238	4.04953	1.86039	2.659894	4.424913	3.167948	4.156787
44	38.65799	48.58242	47.94519	41.50625	40.23119	47.15894	29.62171	28.10584	25.54715	30.50113	28.80892	31.12589	1.411711	11.05029	2.807867	1.950352	3.463863	3.889824	4.167922	2.204169	2.817422	4.532492	3.412465	4.18759
46	40.61704	50.11288	49.73441	43.28901	41.74403	49.06534	30.40045	29.3414	26.4458	30.96012	30.24979	32.61149	1.541155	11.15527	2.811802	1.75062	3.238379	4.013119	3.977161	2.152449	2.759653	4.666449	3.392932	4.335228
48	42.26016	51.90844	51.78573	45.18188	43.93346	51.08343	31.13093	30.51019	27.53972	32.46799	31.79392	34.35529	1.392439	11.38648	2.716997	1.927343	3.416273	4.057825	4.236132	2.292128	2.955094	4.873406	3.507583	4.448788
50	44.25448	54.06359	53.81525	47.37474	45.77251	53.16361	31.53252	31.84187	28.44503	33.07689	33.33709	35.90158	1.409403	11.02352	2.636269	1.752463	3.551928	4.141294	4.351178	2.201504	2.870767	4.830507	3.626414	4.6586
52	45.97077	55.71772	55.72718	49.43638	47.98976	55.2512	32.20551	33.09974	29.46474	34.0754	35.09341	37.51586	1.243137	11.18342	2.353916	1.702318	3.650879	3.978817	4.541157	2.452425	3.076379	5.095816	3.752139	4.815275
54	47.65961	57.8844	57.6174	51.56457	50.0208	56.96595	32.34196	34.41732	30.18766	34.226	36.92574	39.55728	1.189085	10.67888	2.360939	1.694908	3.843586	3.630922	4.623001	2.366234	3.141055	5.503746	3.966568	4.934052
56	49.51819	60.01234	59.70958	53.77414	52.45088	59.62686	32.91014	35.87038	31.0322	35.59402	39.24046	41.37051	1.321865	10.59898	2.037987	1.554114	4.266302	4.124737	4.671474	2.508211	3.52817	5.186661	4.158087	5.009315
58	51.46486	61.85257	61.85351	55.52461	54.58275	61.75639	33.05826	37.04254	31.90454	35.03962	39.45287	42.83428	1.153006	10.75839	2.129076	1.757553	3.975971	4.226349	4.583241	2.398256	3.231329	6.09459	5.547049	4.406763
60	53.77728	64.51355	64.26286	58.27764	56.96544	64.30462	33.5921	38.56396	33.29256	37.16833	43.11668	46.02769	1.137884	10.32848	2.033691	1.351658	3.991053	4.325035	4.714688	2.774485	3.334994	5.374527	3.910152	5.398586
62	55.67676	66.68882	66.60788	60.73079	59.37718	66.67456	33.63422	39.80241	33.72387	37.89153	45.43088	48.19119	1.039528	10.15571	2.076859	1.300854	4.201538	4.417393	4.787407	2.363878	3.783876	5.490999	4.291935	5.674431
64	57.92439	68.94558	69.1158	63.10453	61.98992	69.30961	33.97175	41.0449	35.06767	38.62952	47.45731	50.16664	0.8709679	9.91884	2.176765	1.443483	4.535849	4.295929	4.818069	2.595711	3.602513	5.654694	4.372812	5.712004
66	57.29856	69.38969	68.45359	62.62181	61.45722	69.55148	24.45889	34.47912	28.27571	25.65626	46.39692	49.41822	0.1878491	11.063	1.742424	2.569178	5.236969	4.104156	2.225494	3.120633	0.7774086	3.966678	4.80208	6.866154
68	59.32673	71.29486	68.82447	64.52771	63.99055	71.49919	22.18643	34.08865	28.73194	25.26331	46.44907	52.01162	0.1418934	10.91817	3.268044	2.807915	5.031334	4.021839	1.945986	2.775669	0.7256479	4.037632	6.306765	6.710091
70	61.93504	73.45964	71.33468	67.17351	65.96726	73.82487	22.25572	36.45771	29.76421	25.98032	50.62298	54.69952	0.05880547	10.64054	0.37883	2.890305	5.391407	3.999058	1.941228	3.499315	1.02036	4.096228	4.850155	6.967354
72	64.2555	75.44151	74.78114	69.59421	68.28603	76.09615	22.48867	38.18827	30.96225	27.00944	53.18807	57.23217	0.03260422	10.25778	1.134045	2.692642	5.396116	3.922886	1.93205	3.67651	1.064232	4.249044	5.016253	7.133831
74	66.6618	77.2783	77.06106	72.00191	70.04402	78.30178	22.10095	39.32194	31.90252	27.72409	55.20203	59.56588	0.1032372	9.861446	0.9327508	2.613747	6.000767	3.864483	1.900007	3.438471	1.150451	4.289899	4.83638	7.08263
76	69.52766	79.55053	79.67815	75.07603	72.86407	80.99707	22.91638	41.13235	33.29047	28.99089	58.10275	62.42276	0.01865387	9.208344	0.9274025	2.353558	5.886696	3.746956	1.96658	3.648474	1.219263	4.322331	5.066916	7.164394
78	72.32845	81.86607	82.57316	77.98712	75.53575	83.30715	22.86116	42.48357	34.39872	29.7777	60.10857	64.7853	0.0388031	8.471886	0.5126724	2.275047	5.802635	3.507515	2.096992	3.83877	1.267008	4.593206	4.923603	7.183571
80	75.29628	84.29729	85.04974	81.21841	78.60235	84.53981	23.37233	44.50168	35.93283	31.14724	62.09239	67.56796	0.03874969	7.610283	0.3031654	2.136066	6.04567	4.471031	2.183967	3.660151	1.324085	4.591049	6.594571	7.308023
82	78.46081	86.53069	87.62337	84.18256	81.29166	88.30254	23.44999	46.02411	37.20989	32.21486	66.172	70.67605	0.2549515	6.698406	0.3017159	1.80114	5.905354	2.699238	2.059759	3.723312	1.723776	4.811692	5.133701	7.216424
84	81.37756	88.72906	89.74218	86.93301	83.97025	90.38667	23.87638	48.11324	38.69325	33.66134	69.3606	73.69705	0.5529633	5.720501	0.1056442	1.498096	5.748783	2.401711	2.333985	3.579922	1.766388	4.932902	5.081703	7.259808
